alg_svm*******
res_real = [0.9615384615384616, 0.7906976744186047]
aver_real = 0.8761180679785332
res_full = [0.9382826475849732, 0.9266547406082289]
aver_full = 0.932468694096601
res_full_baseline = [0.9382826475849732, 0.9266547406082289]
aver_full_baseline = 0.932468694096601
res_simple = [0.9382826475849732, 0.9266547406082289]
aver_simple = 0.932468694096601
res_simple_baseline = [0.9382826475849732, 0.9266547406082289]
aver_simple_baseline = 0.932468694096601
res_no = [0.9382826475849732, 0.9266547406082289]
aver_no = 0.932468694096601
res_no_baseline = [0.9382826475849732, 0.9266547406082289]
aver_no_baseline = 0.932468694096601
train_time_decentr = [0.10469467639923095, 0.03795411586761475]
aver_train_time_decentr = 0.0713243961334
train_time_real = [0.05386686325073242, 0.028759002685546875]
aver_train_time_real = 0.0413129329681

alg_lr*******
res_real = [0.9382826475849732, 0.9382826475849732]
aver_real = 0.9382826475849732
res_full = [0.8452593917710197, 0.8452593917710197]
aver_full = 0.8452593917710197
res_full_baseline = [0.9302325581395349, 0.9302325581395349]
aver_full_baseline = 0.9302325581395349
res_simple = [0.9302325581395349, 0.9302325581395349]
aver_simple = 0.9302325581395349
res_simple_baseline = [0.9302325581395349, 0.9302325581395349]
aver_simple_baseline = 0.9302325581395349
res_no = [0.9302325581395349, 0.9302325581395349]
aver_no = 0.9302325581395349
res_no_baseline = [0.9302325581395349, 0.9302325581395349]
aver_no_baseline = 0.9302325581395349
train_time_decentr = [0.04162437915802002, 0.03412442207336426]
aver_train_time_decentr = 0.0378744006157
train_time_real = [0.00978398323059082, 0.006414175033569336]
aver_train_time_real = 0.00809907913208

alg_nn*******
res_real = [0.8917710196779965, 0.8917710196779965]
aver_real = 0.8917710196779965
res_full = [0.9186046511627908, 0.9186046511627908]
aver_full = 0.9186046511627908
res_full_baseline = [0.9382826475849732, 0.9382826475849732]
aver_full_baseline = 0.9382826475849732
res_simple = [0.9382826475849732, 0.9382826475849732]
aver_simple = 0.9382826475849732
res_simple_baseline = [0.9382826475849732, 0.9382826475849732]
aver_simple_baseline = 0.9382826475849732
res_no = [0.9382826475849732, 0.9382826475849732]
aver_no = 0.9382826475849732
res_no_baseline = [0.9382826475849732, 0.9382826475849732]
aver_no_baseline = 0.9382826475849732
train_time_decentr = [0.2166921615600586, 0.2601484775543213]
aver_train_time_decentr = 0.238420319557
train_time_real = [0.1942739486694336, 0.31802988052368164]
aver_train_time_real = 0.256151914597
